graph1.txt-------------------------------------------------------------------
Distancia : 19 10, 67, 8, 17, 100, 1
Distancia : 24 20, 19, 74, 73, 8, 17, 100, 1
Distancia : 21 30, 31, 26, 67, 8, 17, 100, 1
Distancia : 19 40, 8, 17, 100, 1
Distancia : 23 50, 73, 8, 17, 100, 1
336
Tempo gasto em milissegundos 0.745

graph2.txt-------------------------------------------------------------------
Distancia : 2 10, 893, 1
Distancia : 3 20, 144, 1
Distancia : 2 30, 603, 1
Distancia : 3 40, 331, 1
Distancia : 3 50, 258, 497, 1
999
Tempo gasto em milissegundos 3.707

graph3.txt-------------------------------------------------------------------
Distancia : 26 10, 7014, 8405, 3782, 7739, 3, 2, 1
Distancia : 38 20, 19, 2783, 4206, 1486, 9657, 3259, 3782, 7739, 3, 2, 1
Distancia : 34 30, 29, 599, 598, 4307, 995, 7080, 7738, 7739, 3, 2, 1
Distancia : 30 40, 877, 4989, 995, 7080, 7738, 7739, 3, 2, 1
Distancia : 27 50, 4461, 7713, 6577, 8774, 7463, 3, 2, 1
31947
Tempo gasto em milissegundos 13.458

graph4.txt-------------------------------------------------------------------
Distancia : 27 10, 9, 18082, 30631, 5437, 5438, 40817, 37854, 6638, 40954, 2, 1
Distancia : 17 20, 38687, 34758, 30632, 12285, 14530, 44780, 9187, 40954, 2, 1
Distancia : 40 30, 31, 32, 42945, 48174, 46430, 9187, 40954, 2, 1
Distancia : 21 40, 39, 7746, 13509, 36243, 49092, 24973, 28254, 37621, 9187, 40954, 2, 1
Distancia : 18 50, 23726, 8120, 5925, 5924, 11807, 46519, 40954, 2, 1
216236
Tempo gasto em milissegundos 74.105

graph5.txt-------------------------------------------------------------------
Distancia : 56 10, 70778, 30953, 30952, 30951, 35948, 79095, 89970, 89969, 10153, 70965, 24681, 92827, 99998, 99999, 100000, 1
Distancia : 105 20, 19, 18, 17, 16, 15, 14, 13, 12, 41578, 89262, 60812, 60811, 60810, 42404, 96903, 96904, 7300, 23575, 15254, 92827, 99998, 99999, 100000, 1
Distancia : 46 30, 31, 48919, 59430, 94647, 7300, 23575, 15254, 92827, 99998, 99999, 100000, 1
Distancia : 79 40, 39, 38, 37, 36, 35, 74107, 7874, 78297, 72304, 19564, 23787, 86633, 49217, 94493, 92827, 99998, 99999, 100000, 1
Distancia : 44 50, 72224, 99060, 14174, 21224, 49217, 94493, 92827, 99998, 99999, 100000, 1
608677
Tempo gasto em milissegundos 147.893

Distance | Used Pairs | Weight 
[0] 2.41841e+09 | 78118750 | 0.0156239
[1] 3.15267e+09 | 234368750 | 0.0468742
[2] 4.29762e+09 | 390618750 | 0.0781245
[3] 4.29989e+09 | 546868750 | 0.109375
[4] 4.30122e+09 | 703118750 | 0.140625
[5] 4.31729e+09 | 859368750 | 0.171875
[6] 4.3074e+09 | 1015618750 | 0.203126
[7] 4.30997e+09 | 1171868750 | 0.234376
Total weight: 1
Total sum: 3.14045e+10
Total of used pairs: 4.99995e+09
Mean Distance: 6.28096
6.28096

real	23m4.693s
user	162m18.589s
sys	1m29.334s
